7.17
3361.68
7.04
26.04
26.83
28.08
27.05
25.52
23.90
23.34
23.75
24.31
23.44
23.12
23.60
23.39
23.75
23.12
23.53
23.63
22.88
21.96
20.52
21.73
23.44
25.40
28.19
28.93
28.27
27.40
26.91
27.73
28.44
28.83
28.44
27.59
27.17
26.55
26.60
26.60
25.84
23.99
23.58
22.12
19.74
18.16
16.54
15.81
15.52
14.91
15.37
15.83
16.08
16.08
16.52
16.83
17.75
20.30
21.59
20.16
19.16
18.24
17.20
16.56
15.32
11.76
11.44
10.01
9.91
8.96
7.31
6.80
7.26
5.76
5.85
4.78
3.91
3.59
2.81
7.19
3411.92
3.42
3379.40
4.68
3381.47
3.18
2.41
3.18
3.94
4.88
4.47
4.42
4.68
5.13
6.09
6.34
7.31
7.75
8.16
8.55
9.03
9.62
9.74
9.96
10.01
11.49
12.39
11.73
12.55
12.75
14.04
14.11
14.91
14.91
15.52
15.98
16.47
16.92
17.39
17.95
18.48
19.40
19.96
20.11
20.96
20.81
21.40
21.52
21.52
22.44
22.47
23.53
23.77
24.48
25.09
25.40
25.84
26.49
27.20
27.88
28.47
29.41
29.55
30.48
30.51
31.01
31.52
32.01
33.08
33.22
34.17
34.19
34.77
34.77
35.60
35.48
36.19
36.84
37.30
37.60
38.40
39.76
40.24
40.80
40.77
42.14
42.25
43.33
43.04
43.69
44.46
45.71
46.67
47.46
48.74
48.81
49.03
49.40
50.61
50.32
51.61
51.66
51.82
52.29
53.29
54.23
53.94
55.47
55.25
56.36
56.30
56.00
56.93
57.17
59.31
60.18
60.40
61.42
61.39
61.61
62.31
63.31
64.33
65.43
66.88
66.88
67.54
68.36
68.36
69.67
71.72
72.18
72.18
72.59
74.04
74.32
75.31
76.64
77.08
77.42
78.13
79.95
80.72
81.11
82.67
83.59
84.20
83.78
85.00
85.49
86.05
87.01
87.41
88.01
88.96
89.37
91.46
91.73
93.16
94.45
95.57
96.29
97.85
99.91
100.69
101.57
103.21
102.22
103.24
103.14
103.21
103.94
104.23
105.26
105.65
106.52
105.57
106.71
105.71
105.26
105.37
105.74
107.49
107.59
107.20
108.29
108.77
108.70
109.99
109.65
111.93
112.57
114.50
116.14
114.09
113.22
111.81
112.62
112.27
114.05
116.26
117.16
119.08
120.14
121.62
122.69
122.52
123.35
124.80
126.79
128.06
130.71
136.61
137.29
137.48
134.30
132.46
135.56
138.13
138.26
136.99
134.06
137.04
139.20
139.84
138.28
136.71
138.55
140.71
142.63
143.84
146.51
145.72
146.44
147.54
149.24
150.26
152.05
154.97
158.75
160.53
161.99
163.40
163.42
164.71
165.04
161.53
155.33
148.05
136.07
122.57
107.37
88.60
68.59
48.45
36.84
37.69
45.68
60.64
79.46
97.15
114.44
131.12
140.86
150.99
158.64
162.69
166.31
168.49
172.33
175.90
180.06
181.85
182.53
183.38
184.11
184.26
183.97
185.47
186.78
188.05
190.35
190.91
192.83
198.82
199.33
201.62
204.26
207.08
208.98
211.87
214.61
216.12
219.61
220.69
223.24
223.96
225.45
227.68
227.61
228.04
229.59
231.46
232.48
234.89
230.79
228.68
239.51
217.84
239.94
239.92
239.87
236.54
234.72
237.35
231.18
237.78
237.32
235.14
233.80
230.79
231.23
234.53
230.25
236.45
230.37
230.89
218.20
201.65
185.47
166.21
157.51
162.81
177.11
194.33
199.80
214.80
211.65
202.91
205.24
197.13
185.42
178.53
191.39
185.95
194.45
197.08
188.96
176.31
160.72
154.89
153.88
166.38
178.87
190.76
192.88
196.32
161.98
148.97
134.20
117.21
103.77
91.41
81.07
69.22
54.18
38.52
28.73
33.76
47.14
64.43
74.92
75.04
66.23
55.54
49.59
51.51
57.61
67.13
81.06
94.35
106.22
116.26
128.35
141.15
146.91
147.41
139.55
129.80
120.79
113.93
109.09
105.35
102.85
99.62
99.42
98.43
97.66
97.89
96.37
96.36
93.72
92.00
90.59
88.31
85.08
82.77
82.67
81.60
79.44
78.91
78.13
77.18
76.82
76.43
76.11
75.75
76.58
75.96
75.56
75.51
74.99
74.60
74.51
74.22
72.96
72.39
72.00
71.43
71.43
71.47
71.11
70.79
70.58
70.02
69.73
69.43
69.16
69.31
68.22
68.07
68.00
68.58
68.15
67.46
67.64
67.08
66.35
66.11
66.35
65.70
65.54
65.30
65.82
65.09
64.46
65.23
64.75
64.31
65.08
64.87
64.75
64.28
64.07
63.39
63.72
63.31
63.60
62.95
63.33
62.95
63.04
63.94
62.95
63.22
63.10
62.59
62.51
62.51
62.97
63.22
62.22
62.19
63.02
62.15
62.85
62.07
62.39
61.71
61.22
61.25
59.18
58.38
55.61
51.10
40.39
25.81
130.76
161.13
71.14
103.70
122.30
129.83
137.87
147.07
153.63
157.62
159.92
155.36
144.79
129.91
113.02
91.05
65.57
39.05
28.39
24.39
22.73
23.37
23.24
23.63
26.11
34.77
48.52
61.95
66.08
59.94
41.74
20.77
7.99
5.13
3.81
6.60
12.70
22.92
34.83
48.89
65.50
81.63
92.45
97.21
96.80
90.88
79.71
65.38
53.01
41.38
33.01
27.91
24.94
22.92
21.56
20.16
19.19
19.35
20.91
20.96
20.37
19.46
17.48
16.27
17.03
18.70
20.04
20.91
20.67
20.47
20.45
19.87
20.37
20.40