-23.72,-16.50,16001.56
-25.14,-19.87,16006.08
-25.28,-23.48,16011.38
-16.62,-25.31,16008.81
-15.99,-28.44,16006.17
-11.99,-25.02,16012.46
-13.99,-23.57,16013.84
-11.49,-27.19,16015.74
-14.31,-30.43,16013.76
-9.40,-28.31,16009.87
-12.53,-31.49,16001.98
-17.50,-35.72,16009.88
-15.23,-29.73,16010.98
-17.87,-31.05,16012.83
-19.17,-31.29,16006.79
-10.81,-30.93,16004.65
-13.07,-26.38,16002.82
-15.42,-30.86,16004.48
-13.65,-28.72,16002.66
-19.37,-32.48,16006.52
-16.00,-34.06,15999.40
-9.60,-32.96,15998.43
-11.72,-32.71,15998.50
-14.73,-34.47,15996.78
-18.40,-32.75,15997.74
-19.68,-32.11,15992.45
-18.69,-30.11,15994.03
-19.36,-33.60,15990.73
-20.39,-35.12,15991.39
-20.17,-38.77,15992.62
-18.56,-37.43,15992.99
-17.83,-36.56,15991.34
-20.34,-35.13,15985.98
-16.52,-36.97,15990.68
-11.50,-34.92,15991.94
-6.32,-37.98,15998.14
-3.01,-38.08,15997.64
0.54,-39.57,16002.76
-1.88,-43.00,16000.62
-4.59,-39.25,15997.79
-7.76,-36.28,15997.30
-12.77,-44.27,15995.63
-15.53,-42.86,15989.85
-18.76,-42.31,15988.16
-18.02,-43.00,15981.75
-21.12,-48.85,15977.46
-17.06,-47.41,15980.19
-16.21,-45.63,15982.18
-11.20,-46.35,15984.27
-12.24,-45.04,15986.66
-9.03,-41.58,15987.72
-8.98,-45.70,15993.74
-9.13,-43.02,15992.05
-9.87,-44.87,15998.65
-7.98,-43.22,16001.51
-11.98,-40.26,16005.84
-7.58,-38.25,16003.95
-7.80,-42.34,16009.75
-12.41,-42.22,16011.46
-12.99,-40.31,16011.49
-10.34,-39.69,16010.92
-5.62,-39.31,16013.37
-10.74,-40.14,16011.50
-7.20,-36.54,16007.93
-3.04,-37.31,16004.73
-1.49,-37.64,16007.29
-5.42,-31.36,16009.53
-8.15,-35.39,16006.25
-6.54,-36.42,15999.14
-7.01,-37.80,15998.78
-0.66,-22.71,16016.64
40.77,-23.78,15980.41
65.73,-24.79,15982.39
65.85,-24.75,16012.67
81.15,-21.51,16050.64
214.30,-21.24,15935.31
277.18,-18.17,15958.54
380.12,-17.07,15944.61
511.12,-16.21,15937.18
653.56,-15.00,15939.72
816.28,-11.85,15958.54
1049.07,-14.66,15874.81
1311.21,-12.13,15805.27
1568.85,-11.12,15762.21
1865.61,-14.56,15650.10
2163.53,-18.24,15567.99
2473.55,-16.32,15459.99
2784.88,-20.91,15365.39
3095.43,-26.46,15253.52
3406.66,-27.34,15143.25
3732.93,-32.17,15000.69
4051.68,-35.56,14867.65
4354.10,-37.99,14756.07
4645.39,-37.29,14645.07
4923.72,-42.22,14528.41
5193.34,-46.71,14413.19
5440.07,-50.38,14321.73
5686.07,-52.06,14203.25
5909.16,-53.25,14124.08
6119.31,-51.59,14056.48
6316.34,-58.01,13993.06
6507.72,-57.91,13925.80
6703.34,-59.42,13831.31
6886.57,-58.64,13760.75
7052.24,-58.51,13702.51
7217.63,-60.39,13642.38
7374.75,-58.77,13579.06
7519.61,-63.23,13523.51
7654.83,-58.07,13475.54
7782.69,-60.16,13426.16
7903.15,-62.16,13378.65
8012.80,-66.45,13343.92
8130.56,-64.33,13290.72
8246.23,-64.51,13240.79
8337.52,-64.28,13212.35
8434.64,-66.47,13176.73
8521.11,-66.95,13140.89
8604.05,-67.40,13102.65
8683.45,-68.03,13080.52
8760.08,-71.03,13052.49
8828.07,-71.08,13036.06
8899.07,-70.32,13013.86
8970.32,-72.81,12979.77
9037.60,-71.57,12948.98
9102.12,-70.79,12927.13
9159.41,-70.65,12901.18
9223.04,-70.92,12882.52
9278.49,-70.97,12856.79
9325.77,-68.02,12843.95
9377.48,-65.62,12825.35
9429.41,-67.54,12793.69
9469.13,-68.36,12782.00
9512.48,-70.34,12768.50
9555.85,-71.23,12742.48
9597.06,-72.07,12720.35
9634.61,-74.86,12704.54
9671.08,-73.92,12681.51
9704.72,-79.22,12663.63
9739.69,-77.46,12654.25
9770.50,-75.59,12639.74
9802.98,-76.21,12629.75
9831.23,-80.00,12613.46
9862.27,-79.40,12594.19
9889.95,-76.43,12579.88
9919.46,-81.01,12558.89
9946.48,-81.56,12560.34
9972.96,-78.08,12552.53
9997.11,-78.78,12535.50
10017.66,-81.44,12532.33
10036.37,-80.36,12521.71
10057.15,-78.95,12507.42
10070.50,-75.80,12509.85
10083.97,-74.41,12514.96
10098.97,-75.69,12508.61
10118.02,-72.70,12493.58
10132.52,-67.47,12492.30
10148.30,-71.30,12494.09
10161.88,-74.13,12483.98
10181.79,-73.22,12468.78
10196.30,-73.16,12459.95
10209.08,-70.11,12456.95
10221.03,-70.80,12451.90
10232.78,-75.06,12436.11
10245.74,-74.71,12432.50
10252.65,-75.57,12432.48
10258.82,-73.19,12435.45
10270.08,-75.73,12419.08
10278.18,-72.95,12409.53
10285.87,-71.50,12414.85
10296.97,-72.72,12402.71
10306.53,-71.29,12393.77
10319.60,-74.32,12381.88
10323.22,-75.61,12386.79
10330.46,-77.03,12386.25
10338.73,-77.98,12377.14
10343.40,-79.48,12374.08
10348.23,-77.10,12373.37
10355.22,-73.65,12371.31
10361.06,-74.37,12362.14
10364.20,-71.85,12368.23
10367.99,-70.05,12368.02
10371.39,-65.75,12365.02
10374.42,-63.66,12354.17
10374.70,-64.88,12365.66
10374.97,-62.64,12363.38
10371.02,-64.31,12365.61
10372.27,-60.49,12371.13
10379.85,-62.87,12364.17
10381.26,-64.32,12362.16
10386.60,-67.51,12359.26
10394.67,-67.33,12357.49
10395.74,-70.36,12361.22
10397.55,-67.25,12353.76
10400.07,-67.68,12358.67
10402.87,-68.90,12360.74
10400.32,-71.25,12352.70
10401.31,-72.69,12358.67
10394.84,-72.66,12364.93
10394.10,-72.02,12361.09
10392.39,-71.22,12358.63
10385.97,-73.46,12370.90
10372.68,-73.19,12380.96
10365.04,-76.13,12377.91
10364.59,-73.32,12390.01
10368.36,-76.26,12379.71
10366.14,-76.84,12376.93
10363.63,-77.20,12379.48
10369.85,-78.94,12389.31
10374.36,-75.99,12382.04
10374.84,-70.39,12395.54
10384.90,-68.08,12373.96
10388.86,13.33,12315.46
10365.81,-18.34,12339.89
10360.72,-90.42,12381.29
10341.69,-91.50,12409.23
10325.80,-87.72,12423.17
10316.71,-83.34,12427.01
10305.28,-87.77,12430.86
10293.81,-86.58,12441.72
10282.12,-80.25,12448.03
10270.62,-77.24,12455.63
10267.08,-78.78,12444.85
10274.13,-80.24,12386.21
10271.42,-80.83,12283.70
10192.25,-78.19,12244.91
10075.04,-71.08,12112.07
9703.89,-59.72,12188.26
9442.09,-29.74,12351.65
8926.79,-25.65,12617.27
8471.85,-25.17,12776.40
8039.06,-31.11,12913.38
7626.70,-33.95,13079.32
7229.77,-34.26,13220.75
6866.88,-39.34,13344.31
6519.54,-47.78,13469.30
6185.36,-46.59,13598.03
5872.09,-37.26,13714.33
5577.49,-42.60,13833.21
5293.61,-40.47,13945.35
5020.73,-40.24,14046.89
4764.89,-42.63,14139.94
4522.25,-50.90,14235.34
4288.14,-51.55,14320.98
4068.13,-57.58,14404.33
3859.52,-58.30,14487.51
3658.95,-61.98,14560.54
3466.00,-66.28,14634.91
3290.30,-63.57,14700.56
3117.18,-65.19,14768.74
2952.72,-68.33,14822.50
2794.29,-68.51,14879.98
2640.37,-65.69,14931.98
2500.56,-67.60,14987.98
2368.33,-63.82,15034.78
2238.11,-61.43,15084.44
2115.01,-58.76,15130.82
1997.06,-56.62,15175.88
1887.00,-58.19,15212.68
1780.05,-55.88,15253.85
1676.45,-54.89,15288.56
1582.83,-56.54,15332.93
1496.09,-55.32,15372.08
1412.48,-55.95,15397.28
1326.86,-55.95,15423.21
1255.31,-57.16,15447.85
1185.15,-54.50,15466.06
1118.69,-55.17,15490.76
1058.56,-55.41,15513.22
999.23,-56.04,15538.56
939.27,-58.44,15561.83
884.30,-54.52,15589.34
830.89,-52.59,15612.47
782.34,-50.96,15631.25
736.43,-49.42,15649.29
694.61,-46.14,15671.22
654.28,-43.64,15696.46
612.76,-43.66,15715.84
578.92,-41.87,15728.05
547.18,-45.18,15740.04
516.82,-48.12,15759.64
483.78,-46.11,15778.86
455.39,-43.01,15791.12
431.22,-44.46,15798.76
406.86,-44.64,15811.82
381.72,-42.20,15820.83
356.23,-44.29,15829.99
334.42,-47.88,15837.09
313.50,-47.68,15847.24
290.22,-44.70,15859.28
270.51,-47.87,15874.11
248.79,-48.07,15879.01
229.55,-45.67,15884.26
215.07,-44.59,15894.24
197.72,-41.76,15899.73
181.23,-43.87,15902.95
161.57,-41.67,15903.20
144.09,-40.39,15913.84
122.89,-40.57,15923.35
105.74,-41.34,15926.78
93.25,-35.68,15926.04
80.39,-37.49,15929.74
67.17,-36.42,15940.05
56.41,-34.00,15945.05
43.79,-30.30,15949.60
30.00,-29.58,15950.32
22.50,-30.50,15953.20
7.38,-26.58,15966.94
23.01,-36.05,15948.79
-1.54,-29.65,15975.75
59.34,-29.76,15923.37
540.37,-55.28,15893.80
495.95,-53.31,15902.11
475.35,-53.45,15922.40
452.79,-51.37,15923.68
427.35,-51.81,15930.70
403.98,-51.22,15926.96
381.78,-46.45,15937.62
363.89,-47.53,15940.73
341.70,-44.76,15945.50
319.61,-44.92,15943.42
298.83,-38.87,15952.85
283.49,-34.93,15954.61
263.31,-31.18,15956.48
251.15,-28.82,15959.26
239.39,-29.98,15966.09
224.62,-31.88,15971.79
208.99,-26.69,15978.80
197.34,-27.35,15976.26
184.87,-24.79,15973.65
170.83,-26.15,15977.36
164.89,-28.64,15985.50
155.44,-29.21,15983.62
150.27,-26.35,15981.64
138.96,-26.03,15979.16
135.61,-24.33,15979.80
126.43,-29.51,15982.41
118.51,-30.44,15986.29
110.18,-28.51,15979.17
104.27,-26.89,15979.02
97.06,-29.14,15975.66
94.61,-33.09,15974.68
88.88,-32.83,15979.75
86.03,-32.79,15987.96
82.33,-35.15,15990.76
77.21,-30.79,15991.82
74.75,-26.65,15986.43
70.22,-24.12,15991.51
63.31,-24.72,15988.93
60.34,-24.48,15989.69
55.92,-25.46,15995.20
52.13,-24.58,15997.64
46.52,-24.55,15990.76
40.59,-22.93,15990.42
39.97,-22.18,15995.90
38.57,-27.27,16000.11
39.24,-25.11,16005.30
36.08,-29.25,16007.83
28.47,-27.59,16009.64
23.85,-28.81,16014.16
-49.14,-24.57,16039.05
11.11,-29.34,15995.10
88.96,-26.27,15943.55
-437.09,93.84,16660.37
-404.64,89.55,16612.95
-383.80,81.87,16585.91
-364.61,76.98,16561.81
-329.58,72.73,16529.92
-334.10,66.49,16525.42
-331.80,59.77,16532.95
-265.41,49.58,16492.70
-116.34,46.70,16364.27
-21.12,45.36,16287.65
22.93,35.90,16211.67
22.19,35.30,16203.09
47.08,35.14,16172.73
95.52,31.78,16123.90
63.75,23.79,16147.10
59.76,15.00,16145.15
59.97,13.25,16133.69
58.77,16.99,16127.20
62.64,10.54,16121.24
52.90,10.41,16099.58
54.06,11.29,16097.60
43.36,10.73,16087.72
43.99,9.39,16089.14
538.39,75.32,15972.48
624.27,146.96,15958.85
712.26,69.21,15989.51
512.04,-29.25,16022.84
-81.76,-158.99,16036.09
-988.27,-282.64,16046.09
-1359.66,-193.11,16060.19
-152.87,103.15,16065.98
-75.03,-359.81,16093.48
476.32,-274.02,16099.40
175.10,-494.12,16117.23
-454.85,-690.81,16087.77
-1226.91,-458.47,16113.18
-1046.76,130.65,15960.32
-248.02,-393.28,16242.11
339.18,-132.22,16195.40
410.82,-228.01,16223.83
84.48,-334.01,16208.44
38.45,-349.71,16184.82
-450.47,-291.02,16157.78
617.85,-186.87,16143.49
754.36,-111.33,16154.71
787.84,-213.16,16160.38
451.05,-336.10,16103.36
257.50,-324.10,15992.39
-190.38,-171.69,16064.57
469.74,-230.71,15950.14
1072.86,-118.17,15863.24
821.81,-137.06,15872.87
124.12,-135.01,15835.03
-948.08,5.34,15852.08
132.32,169.27,15787.27
202.70,109.61,15871.31
427.17,95.53,15937.14
136.81,-75.45,15957.29
-303.83,115.53,15914.42
-1515.84,376.75,15947.50
-316.65,534.91,15987.93
-192.41,123.37,16198.73
515.21,188.80,16211.59
346.85,-60.44,16261.41
-246.30,-66.22,16252.74
-1094.38,-63.71,16181.30
-1036.26,174.68,16318.64
-98.45,-217.06,16353.91
630.07,-139.40,16363.41
634.17,-138.23,16399.24
90.86,-297.32,16343.88
-459.68,-143.46,16253.29
-699.90,91.12,16278.42
426.50,-184.24,16159.30
433.97,-188.83,16174.94
395.27,-182.39,16179.19
381.91,-172.67,16156.23
366.21,-167.63,16146.02
351.90,-161.85,16137.72
333.11,-158.96,16126.63
313.45,-150.81,16122.70
294.78,-143.27,16123.97
274.64,-137.51,16114.97
264.11,-130.43,16108.42
243.90,-125.51,16110.80
221.91,-118.63,16112.86
204.41,-119.30,16108.62
189.59,-114.34,16111.39
180.91,-110.02,16110.82
166.27,-102.92,16110.08
141.15,-100.57,16122.77
133.30,-93.55,16121.23
82.43,-84.47,16153.37
84.11,-84.64,16148.30
81.30,-84.01,16146.29
82.24,-74.81,16135.97
75.53,-72.67,16133.38
75.35,-68.04,16136.51
66.38,-64.84,16126.88
60.86,-63.59,16120.14
61.02,-55.21,16119.33
82.97,-55.25,16119.36
47.62,-50.29,16126.60
32.44,-40.18,16123.87
46.02,-45.97,16109.47
107.12,8.53,16170.00
9.36,-6.30,16202.50
-127.31,-70.58,16235.37
-182.54,-20.85,16233.21
-145.61,124.39,16249.55
-176.73,358.97,16207.67
-194.10,560.42,16174.49
-194.59,745.20,16135.16
-172.26,1024.94,16033.80
-175.25,1380.69,15871.31
-163.29,1771.26,15692.55
-139.32,2201.90,15470.72
-113.76,2652.00,15227.58
-76.87,3089.40,14982.00
-37.03,3500.33,14764.90
9.23,3954.32,14478.46
23.16,4426.40,14185.54
-31.99,4850.48,13922.46
12.41,5305.96,13622.34
94.39,5766.46,13275.82
84.47,6175.34,13004.03
81.84,6571.57,12739.63
96.75,6950.79,12460.44
102.51,7319.25,12180.82
108.79,7680.29,11904.78
105.55,8045.47,11595.54
86.27,8398.40,11261.56
92.56,8701.08,11043.69
104.53,9022.63,10756.90
102.50,9329.30,10466.06
105.98,9627.03,10166.95
84.08,9924.28,9886.61
124.28,10200.87,9559.48
118.66,10477.22,9233.50
121.93,10734.56,8921.03
121.23,10992.83,8587.58
131.57,11239.99,8235.80
106.59,11489.79,7876.21
95.86,11716.10,7536.40
84.27,11946.90,7169.38
58.66,12157.75,6809.91
24.32,12361.27,6434.01
-6.09,12546.60,6082.51
-46.39,12727.07,5722.39
-86.27,12904.52,5352.07
-125.36,13065.69,5016.06
-161.89,13217.21,4689.06
-179.79,13362.15,4359.81
-209.80,13499.64,4024.82
-237.91,13626.46,3732.58
-254.82,13757.13,3432.35
-275.48,13878.88,3145.33
-299.50,13984.53,2875.66
-320.33,14087.31,2610.28
-332.11,14199.34,2341.17
-345.71,14289.78,2102.91
-365.82,14377.09,1886.36
-372.93,14464.23,1711.04
-377.08,14547.42,1513.49
-389.83,14622.45,1334.02
-394.74,14699.33,1168.92
-380.60,14772.56,1007.07
-385.57,14840.73,861.32
-382.49,14900.69,727.65
-359.17,14970.06,596.27
-343.81,15028.16,464.25
-313.02,15090.75,347.04
-295.97,15147.21,241.09
-265.57,15200.05,113.84
-251.09,15247.65,-1.66
-227.74,15286.07,-84.57
-205.75,15334.76,-189.74
-193.46,15372.42,-301.06
-176.59,15415.20,-407.80
-154.96,15448.84,-503.81
-142.01,15483.20,-599.02
-125.51,15512.44,-695.07
-115.04,15543.22,-787.92
-112.88,15570.06,-878.32
-112.04,15595.95,-959.61
-105.64,15621.56,-1041.63
-104.36,15648.28,-1120.55
-95.34,15675.66,-1186.52
-87.37,15697.68,-1245.79
-76.60,15716.60,-1303.50
-66.17,15737.77,-1360.13
-58.86,15755.48,-1418.52
-49.92,15778.11,-1474.80
-46.42,15796.40,-1520.06
-39.50,15814.78,-1563.85
-27.33,15832.24,-1599.46
-18.36,15862.43,-1616.69
-8.04,15947.91,-1581.65
-7.24,15962.51,-1554.77
-4.48,15977.99,-1518.43
1.54,15988.49,-1470.51
6.87,15996.26,-1362.38
20.12,15993.25,-1231.67
10.32,15982.99,-1059.88
6.20,15967.04,-868.49
16.09,15943.89,-656.26
8.89,15910.09,-401.05
7.84,15860.79,-124.40
-1.75,15809.55,142.82
-72.06,15680.87,432.08
24.34,15558.43,888.08
71.52,15383.91,1336.27
53.15,15226.31,1717.86
62.29,15016.40,2178.57
69.18,14707.78,2714.44
58.72,14395.99,3208.12
96.18,14114.39,3658.71
107.37,13740.47,4191.98
91.40,13311.04,4752.78
36.03,12980.69,5252.74
111.83,12513.06,5782.10
1.04,11902.00,6302.60
-2.01,11357.30,6846.27
16.09,10830.64,7421.95
335.68,10155.90,7637.06
140.90,9567.71,8219.20
110.46,9085.92,8583.44
88.33,8640.03,8915.27
84.52,8201.23,9282.11
82.69,7785.56,9617.80
84.76,7394.09,9937.71
88.52,7021.58,10233.83
77.89,6669.10,10519.54
65.20,6334.85,10791.96
49.54,6018.90,11050.56
37.66,5717.56,11297.43
30.98,5427.28,11529.96
29.43,5151.32,11754.66
24.76,4891.95,11967.53
18.32,4648.95,12166.75
10.20,4409.31,12354.82
23.49,4185.04,12535.08
22.12,3975.19,12709.32
18.01,3773.23,12879.46
15.91,3584.17,13037.28
8.32,3401.76,13185.02
4.50,3227.87,13323.77
3.08,3069.88,13453.18
2.92,2910.38,13584.92
-1.02,2763.06,13703.68
-4.57,2624.31,13815.89
-7.74,2490.30,13919.50
-12.96,2364.38,14024.92
-18.11,2245.16,14126.08
-20.60,2133.10,14218.17
-21.57,2025.85,14305.47
-30.10,1925.56,14391.19
-32.19,1824.88,14475.43
-33.98,1733.43,14549.66
-35.08,1642.16,14619.18
-40.33,1560.45,14694.82
-41.91,1476.43,14764.88
-46.22,1402.81,14830.83
-48.70,1325.27,14887.89
-48.87,1258.21,14945.30
-47.43,1196.50,15004.23
-46.25,1133.07,15056.42
-40.74,1072.62,15096.00
-33.71,1017.99,15137.40
-30.62,965.29,15186.93
-47.49,918.62,15225.19
-39.71,873.29,15262.73
-47.53,825.63,15295.59
-48.35,780.15,15332.01
-50.53,741.34,15365.41
-46.21,700.27,15393.94
-47.50,664.06,15424.24
-53.12,632.85,15455.63
-51.07,594.21,15484.45
-50.11,559.10,15503.83
-48.41,531.15,15531.44
-47.19,501.79,15556.26
-44.43,471.90,15577.05
-43.81,445.70,15600.20
-42.22,416.22,15619.39
-42.51,393.01,15641.02
-45.38,373.96,15662.37
-42.11,354.46,15677.65
-43.61,332.34,15684.57
-42.83,314.52,15695.54
-35.88,296.59,15719.16
-36.29,277.56,15728.61
-40.48,268.89,15745.37
-30.05,255.44,15764.51
-23.55,244.27,15770.28
-20.77,228.26,15774.77
-20.73,215.04,15785.43
-22.70,199.09,15799.96
-25.96,190.14,15813.36
-37.86,179.23,15824.89
-30.77,166.47,15828.25
-28.23,158.54,15834.04
-25.62,147.22,15845.93
-98.14,142.86,15773.44
-75.03,131.71,15780.56
-74.48,118.53,15781.94
-91.16,116.00,15794.24
-99.00,107.00,15804.53
-107.45,101.65,15813.30
-131.28,92.57,15815.24
-152.91,88.34,15814.48
-169.47,82.92,15828.95
-195.39,77.18,15835.30
-214.02,73.32,15843.34
-229.72,68.85,15858.37
-252.84,64.21,15864.45
-278.59,61.80,15857.23
-299.66,57.51,15866.17
-323.28,51.63,15879.46
-355.32,45.05,15876.89
-383.35,41.60,15880.44
-412.18,37.72,15890.82
-442.97,33.03,15897.68
-477.63,29.38,15905.20
-505.54,29.71,15917.74
-542.47,23.43,15915.45
-584.94,20.66,15907.08
-624.50,20.22,15907.12
-650.67,14.81,15927.17
-684.54,4.47,15935.81
-726.11,-6.15,15924.62
-766.01,-13.24,15914.59
-792.71,-16.18,15924.26
-826.67,-16.77,15916.45
-855.14,-20.13,15914.62
-880.78,-17.13,15915.29
-898.94,-26.07,15928.53
-918.79,-28.17,15927.70
-942.05,-30.36,15925.92
-964.55,-34.84,15930.42
-984.52,-38.10,15931.50
-1011.70,-41.99,15928.72
-1036.71,-48.49,15936.69
-1070.08,-46.67,15928.65
-1099.77,-51.14,15934.82
-1140.38,-50.38,15936.28
-1181.57,-56.46,15941.47
-1226.29,-60.64,15929.79
-1278.77,-58.21,15928.70
-1326.43,-59.50,15931.67
-1381.31,-64.12,15924.88
-1435.65,-64.51,15917.84
-1485.46,-68.49,15921.75
-1541.19,-64.66,15914.86
-1612.53,-62.83,15899.12
-1677.71,-65.49,15884.16
-1742.62,-67.62,15879.15
-1808.69,-72.23,15880.19
-1876.85,-70.82,15877.38
-1961.21,-72.48,15860.52
-2047.35,-74.06,15844.69
-2125.38,-77.55,15850.06
-2238.31,-82.28,15818.35
-2362.00,-86.56,15781.04
-2475.10,-85.03,15766.58
-2586.14,-80.58,15763.25
-2739.24,-89.55,15704.89
-2897.48,-93.48,15654.05
-3036.40,-90.20,15625.54
-3182.98,-92.69,15578.67
-3325.23,-99.66,15537.33
-3458.17,-101.07,15516.47
-3601.26,-98.82,15474.84
-3742.80,-100.88,15430.90
-3880.86,-98.84,15381.96
-4014.82,-108.09,15342.86
-4144.48,-109.29,15311.72
-4274.65,-110.63,15271.33
-4412.72,-110.29,15230.56
-4546.08,-115.58,15187.84
-4659.38,-115.20,15172.64
-4789.41,-114.64,15116.01
-4923.94,-112.51,15060.21
-5053.94,-111.88,15021.40
-5177.05,-112.89,14985.93
-5310.59,-112.04,14923.83
-5447.26,-111.04,14872.44
-5570.50,-113.49,14817.82
-5696.97,-113.22,14759.53
-5832.73,-115.75,14694.55
-5957.49,-113.57,14649.43
-6081.62,-116.49,14598.75
-6213.53,-116.66,14536.62
-6341.26,-115.43,14468.19
-6457.00,-110.86,14423.58
-6578.35,-107.92,14357.40
-6702.83,-109.32,14288.93
-6814.09,-104.05,14245.88
-6919.18,-101.65,14211.19
-7030.82,-103.37,14153.03
-7138.08,-106.80,14103.18
-7231.38,-106.26,14056.42
-7330.41,-105.95,14012.60
-7440.29,-106.25,13948.17
-7543.27,-105.34,13886.56
-7645.51,-104.87,13830.43
-7748.64,-101.63,13778.11
-7849.00,-96.95,13730.81
-7946.95,-95.30,13674.67
-8049.61,-97.93,13613.53
-8144.13,-100.44,13558.66
-8232.12,-99.42,13516.72
-8323.71,-100.04,13471.29
-8427.33,-102.24,13408.32
-8518.56,-101.53,13349.91
-8606.43,-102.25,13294.61
-8703.31,-100.74,13234.88
-8796.74,-102.30,13170.14
-8886.51,-101.79,13118.03
-8971.58,-101.10,13059.93
-9058.20,-99.64,13001.93
-9143.09,-101.26,12932.04
-9222.54,-97.80,12877.24
-9299.81,-98.91,12835.37
-9374.82,-98.56,12796.60
-9447.28,-100.24,12744.17
-9518.92,-103.42,12693.57
-9588.17,-102.05,12650.09
-9651.36,-106.55,12607.38
-9712.39,-104.42,12568.21
-9775.17,-107.40,12516.80
-9828.22,-107.43,12484.76
-9876.60,-105.86,12451.92
-9924.37,-108.77,12415.53
-9975.36,-106.93,12377.15
-10023.59,-108.98,12341.50
-10065.01,-104.33,12318.02
-10105.16,-105.32,12292.92
-10142.90,-107.45,12265.67
-10185.96,-107.28,12231.79
-10220.86,-109.11,12200.80
-10251.22,-111.06,12180.16
-10285.45,-109.71,12156.35
-10320.18,-109.02,12136.94
-10346.77,-109.17,12123.29
-10366.24,-110.51,12109.52
-10387.92,-112.99,12090.05
-10412.33,-113.54,12068.34
-10437.51,-114.86,12052.13
-10457.04,-113.92,12035.72
-10471.78,-118.02,12029.14
-10486.99,-118.72,12019.28
-10506.04,-116.98,12010.12
-10527.94,-116.93,11992.01
-10544.34,-113.29,11982.41
-10557.93,-110.62,11973.29
-10571.63,-108.29,11961.02
-10587.65,-114.88,11952.77
-10598.27,-115.73,11946.93
-10605.35,-112.75,11952.19
-10615.09,-114.11,11947.18
-10622.73,-114.40,11935.82
-10630.20,-120.28,11930.43
-10632.89,-117.07,11926.91
-10640.04,-122.42,11927.56
-10645.04,-123.70,11927.38
-10651.19,-129.51,11928.81
-10654.43,-127.23,11920.17
-10701.51,-129.47,11835.16
-10725.03,-131.20,11720.41
-10582.78,-137.84,11757.39
-10463.64,-144.15,11662.72
-10113.66,-194.54,11388.98
-11246.38,538.39,12334.73
-10434.66,955.47,11663.40
-9982.12,2148.89,10871.23
-8928.42,1442.85,9716.06
-8719.20,1454.31,10265.46
-8339.04,1413.59,10467.19
-7921.68,1336.71,10711.23
-7524.20,1266.28,10971.07
-7148.39,1203.36,11232.91
-6791.17,1136.99,11463.67
-6450.61,1081.15,11693.09
-6131.68,1019.49,11906.63
-5824.50,965.71,12117.50
-5534.47,915.63,12310.03
-5265.75,864.45,12500.12
-5002.46,825.82,12674.52
-4750.34,785.33,12838.59
-4518.62,739.47,12996.46
-4294.49,698.69,13149.04
-4078.36,663.76,13284.79
-3876.65,629.37,13422.75
-3687.61,594.70,13560.61
-3503.63,556.57,13681.38
-3328.05,528.94,13799.31
-3162.45,502.29,13911.54
-3005.73,477.38,14017.37
-2856.64,447.51,14119.90
-2719.01,422.53,14212.91
-2584.46,400.41,14310.86
-2459.03,378.99,14391.12
-2337.48,361.04,14470.36
-2226.61,331.98,14550.44
-2117.08,314.39,14622.52
-2007.62,299.27,14692.80
-1912.64,284.70,14764.76
-1816.81,267.27,14824.92
-1729.17,255.10,14885.27
-1643.71,241.75,14944.01
-1569.13,230.46,14996.21
-1495.47,217.74,15050.40
-1422.30,200.05,15097.08
-1357.38,190.45,15139.02
-1293.11,175.93,15177.87
-1234.06,165.53,15219.38
-1170.95,161.65,15258.41
-1117.61,150.57,15301.09
-1063.73,140.84,15340.44
-1011.34,132.20,15371.01
-961.57,121.59,15403.86
-914.69,117.91,15431.27
-870.16,109.22,15466.51
-826.45,103.75,15489.98
-791.93,96.97,15512.88
-757.73,86.12,15540.04
-721.05,79.61,15561.84
-683.79,73.43,15586.15
-651.20,68.76,15612.24
-621.44,67.12,15629.23
-594.77,62.17,15646.96
-564.23,59.86,15664.62
-538.62,50.06,15677.58
-509.49,46.16,15696.11
-487.82,43.25,15713.50
-470.62,35.49,15719.03
-447.49,30.72,15733.07
-433.52,30.38,15742.02
-414.24,28.66,15758.12
-396.33,27.03,15771.81
-374.71,23.88,15782.02
-355.98,18.28,15794.72
-342.58,19.37,15798.98
-329.65,16.40,15807.64
-316.17,13.98,15816.45
-299.16,9.68,15827.63
-284.60,6.20,15842.65
-271.57,4.09,15856.32
-263.19,5.48,15865.70
-253.23,2.01,15869.02
-242.97,2.31,15877.56
-233.22,-1.61,15883.69
-230.56,-5.93,15890.50
-218.63,-7.03,15894.98
-210.50,-7.28,15900.63
-202.38,-9.71,15902.60
-197.26,-11.43,15908.87
-186.60,-18.06,15911.02
-177.87,-19.75,15923.27
-169.17,-21.37,15924.31
-159.71,-24.90,15923.69
-154.33,-21.85,15930.91
-149.41,-22.16,15932.96
-140.74,-22.25,15935.12
-135.90,-20.14,15943.96
-130.31,-17.73,15945.16
-124.99,-22.05,15949.10
-122.94,-18.54,15950.65
-121.80,-18.82,15947.32
-119.11,-17.48,15952.75
-113.95,-21.20,15958.51
-117.45,-22.14,15963.19
-113.78,-29.64,15968.83
-114.69,-32.35,15970.99
-106.96,-31.94,15974.64
-102.81,-36.54,15980.51
-42.47,-45.71,15953.68
8.85,-36.23,16011.00
-10.19,-34.42,16007.05
-27.88,-31.89,16027.30
-60.88,-31.70,16035.53
-92.64,-29.11,16052.36
-137.81,-32.06,16056.54
-199.32,-34.66,16033.71
-252.95,-32.72,16056.62
-320.90,-38.09,16075.59
-446.66,-38.58,16047.41
-586.33,-44.45,16024.64
-734.61,-41.83,16024.81
-921.68,-40.94,15977.77
-1143.00,-43.69,15919.28
-1375.25,-45.31,15867.32
-1611.08,-48.04,15818.35
-2011.93,-51.04,15514.23
-2413.93,-63.49,14959.72
-2553.24,-70.51,14409.94
-2316.17,-60.19,14452.04
-2172.77,-74.98,14487.64
-2071.53,-64.03,14537.86
-1965.15,-64.23,14594.76
-1841.29,-77.22,14644.03
-1742.43,-68.76,14691.42
-1671.51,-69.32,14759.65
-1595.53,-72.65,14837.67
-1515.96,-68.82,14895.79
-1447.96,-66.18,14957.80
-1385.16,-73.87,15012.91
-1326.70,-76.18,15062.46
-1269.77,-74.17,15111.54
-1212.08,-75.66,15157.76
-1160.87,-72.48,15198.87
-1105.63,-69.85,15232.53
-1063.35,-71.56,15266.70
-1029.38,-72.18,15304.77
-992.11,-68.17,15327.13
-959.91,-72.76,15363.37
-929.71,-70.13,15400.01
-899.43,-69.62,15429.61
-870.85,-72.54,15454.73
-838.71,-74.51,15480.99
-817.38,-73.19,15511.54
-791.11,-74.13,15542.56
-770.95,-72.62,15564.64
-745.20,-68.39,15586.40
-720.74,-69.77,15610.48
-696.31,-66.68,15628.76
-673.89,-70.55,15646.52
-656.00,-64.82,15664.40
-651.00,-59.98,15685.38
-654.25,-63.58,15693.91
-645.14,-59.80,15726.41
-661.48,-55.81,15743.89
-686.20,-59.02,15752.30
-718.89,-58.87,15758.48
-752.15,-61.33,15775.16
-782.14,-64.46,15797.40
-841.63,-64.44,15795.13
-901.55,-62.41,15799.37
-976.28,-64.29,15813.41
-1062.66,-64.28,15801.54
-1162.33,-63.07,15784.86
-1242.81,-64.51,15785.62
-1324.47,-64.09,15795.73
-1423.45,-66.28,15793.95
-1537.28,-66.77,15774.45
-1656.81,-65.03,15764.53
-1778.77,-65.78,15749.30
-1901.43,-63.29,15735.24
-2033.96,-67.72,15720.67
-2169.26,-68.14,15691.64
-2304.40,-71.93,15675.46
-2437.78,-76.34,15658.09
-2580.69,-79.12,15630.78
-2735.86,-83.16,15591.04
-2884.06,-84.40,15568.89
-3044.86,-80.18,15536.45
-3207.82,-80.37,15500.62
-3371.03,-73.16,15464.39
-3546.28,-74.90,15427.17
-3749.76,-74.35,15354.61
-3958.67,-76.64,15283.28
-4180.54,-75.60,15192.72
-4420.71,-70.22,15079.08
-4661.48,-74.11,14965.93
-4894.40,-76.81,14864.83
-5129.48,-80.57,14762.19
-5374.01,-82.34,14636.28
-5617.31,-86.02,14499.27
-5882.64,-86.52,14298.70
-6087.31,-91.39,14122.97
-6151.15,-78.62,14101.82
-6139.99,-74.09,14115.33
-6045.19,-81.39,14155.76
-5860.93,-78.52,14215.38
-5433.28,-42.99,14632.01
-5170.42,-51.84,14731.21
-4928.90,-53.65,14786.65
-4698.05,-54.77,14846.11
-4479.15,-51.23,14908.81
-4274.19,-57.87,14959.97
-4074.48,-55.98,15016.17
-3886.56,-57.98,15075.56
-3702.83,-56.28,15140.98
-3543.49,-53.66,15195.93
-3400.52,-58.98,15248.34
-3272.69,-60.83,15311.92
-3165.45,-60.99,15388.52
-3125.58,-64.14,15423.70
-3154.50,-60.33,15431.91
-3210.38,-61.12,15435.52
-3365.26,-63.46,15352.34
-3564.20,-63.69,15263.72
-3773.39,-66.50,15177.74
-4021.12,-71.98,15049.85
-4305.06,-68.38,14867.96
-4578.21,-69.76,14644.16
-4753.90,-73.67,14410.75
-4594.20,-69.19,14535.21
-4313.89,-66.73,14660.85
-3968.40,-48.19,14945.81
-3811.38,-45.98,14973.92
-3624.41,-45.48,15035.42
-3456.79,-46.81,15106.45
-3288.75,-44.47,15224.33
-3159.11,-49.65,15326.71
-3102.36,-51.16,15388.18
-3170.84,-56.21,15346.77
-3351.70,-61.60,15193.23
-3557.11,-64.12,15040.57
-3717.06,-65.51,14854.14
-3663.80,-62.23,14850.03
-3318.61,-63.92,15206.13
-3171.28,-64.73,15275.83
-3021.12,-55.29,15359.03
-2883.46,-51.73,15460.68
-2818.49,-55.34,15533.65
-2922.16,-57.97,15421.17
-3059.86,-61.67,15303.91
-3193.86,-65.39,15198.11
-3252.37,-64.52,15150.21
-3192.95,-63.09,15195.50
-3056.30,-104.54,15220.52
-2884.49,-95.91,15353.89
-2750.06,-89.72,15418.60
-2629.56,-90.63,15501.67
-2555.68,-89.90,15574.79
-2611.10,-95.00,15505.65
-2743.14,-97.85,15372.36
-2854.39,-98.36,15269.35
-2868.47,-97.24,15238.28
-2738.64,-105.78,15337.16
-2588.91,-95.69,15458.51
-2507.87,-95.11,15476.38
-2389.87,-88.55,15549.36
-2298.58,-84.12,15607.49
-2266.25,-84.92,15656.12
-2341.94,-89.67,15568.31
-2446.84,-90.19,15473.50
-2517.70,-88.48,15389.22
-2456.81,-90.06,15437.16
-2307.57,-79.95,15569.70
-2218.19,-75.56,15596.42
-2114.88,-66.58,15668.80
-2031.74,-63.05,15731.36
-2020.15,-59.50,15738.99
-2103.55,-64.72,15656.64
-2176.77,-63.09,15590.21
-2230.33,-66.73,15525.10
-2202.61,-71.99,15534.64
-2054.08,-59.79,15674.51
-1990.58,-61.20,15699.79
-1895.85,-62.54,15775.40
-1807.26,-52.82,15876.03
-1834.49,-55.78,15869.03
-1997.97,-57.39,15729.37
-2149.87,-55.32,15605.71
-2263.58,-60.15,15475.62
-2208.20,-61.54,15506.44
-1998.79,-56.07,15697.32
-1906.85,-59.26,15722.85
-1824.91,-55.30,15770.11
-1741.66,-55.34,15842.00
-1734.58,-63.57,15848.10
-1894.45,-63.59,15651.50
-1984.93,-64.61,15541.12
-1939.28,-68.98,15564.67
-1807.72,-58.53,15702.43
-1714.13,-56.60,15744.51
-1652.22,-61.97,15763.69
-1599.81,-57.68,15796.70
-1558.82,-60.39,15838.67
-1578.48,-65.37,15828.33
-1672.16,-66.30,15740.32
-1768.35,-62.79,15645.30
-1773.93,-63.05,15629.24
-1631.84,-40.30,15811.78
-1547.64,-38.68,15846.19
-1476.26,-40.35,15857.28
-1406.05,-44.53,15865.61
-1351.35,-42.50,15875.93
-1300.18,-41.18,15884.14
-1244.97,-38.12,15894.33
-1192.72,-40.01,15895.81
-1141.09,-42.41,15899.62
-1088.23,-45.49,15909.64
-1037.02,-49.82,15912.36
-987.97,-54.53,15913.74
-942.57,-56.20,15919.65
-897.44,-57.99,15927.87
-859.77,-59.89,15938.68
-819.78,-58.50,15942.54
-782.39,-58.97,15938.02
-743.67,-63.02,15934.92
-712.09,-63.27,15936.57
-683.28,-61.31,15945.74
-653.92,-61.64,15949.65
-622.62,-61.56,15958.57
-595.09,-67.28,15960.04
-560.74,-71.52,15963.44
-539.50,-71.54,15963.47
-516.73,-66.77,15956.70
-490.69,-67.83,15960.66
-465.36,-63.84,15964.43
-440.29,-67.04,15969.21
-405.87,-68.09,15968.95
-385.98,-63.69,15965.70
-374.08,-64.30,15970.61
-365.38,-62.89,15979.48
-349.91,-55.94,15980.31
-346.01,-55.35,15984.69
-335.71,-51.98,15983.26
-318.13,-53.78,15983.70
-322.02,-56.89,16004.91
-290.32,-55.25,16004.07
-216.60,-52.68,15961.46
-215.17,-51.65,16012.59
-233.81,-50.47,16039.96
-226.52,-49.74,16044.16
-222.40,-49.06,16038.95
-82.68,-44.00,16030.81
-91.54,-26.20,16026.07
-216.77,-50.49,16031.56
-207.93,-53.97,16041.38
-196.93,-54.27,16040.72
-209.68,-50.36,16059.08
-159.00,-50.64,16033.33
-137.65,-46.51,16032.46
-101.97,-47.18,16007.84
-124.87,-53.82,16033.65
-98.43,-52.93,16018.76
-97.30,-55.68,16016.82
-89.64,-53.50,16017.78
-82.76,-51.43,16018.89
-68.82,-51.85,16004.95
-61.58,-52.06,16004.90
-60.10,-55.26,16010.86
-53.49,-50.50,16004.11
-62.42,-53.57,16006.31
-57.30,-53.09,16010.79
-53.23,-53.64,16008.45
-52.77,-55.96,16010.23
-54.33,-52.96,16009.32
-51.82,-51.71,16009.65
-49.03,-52.92,16008.17
-49.37,-48.08,16008.36
-43.51,-44.67,16014.34
-40.33,-43.84,16019.63
-42.31,-45.45,16016.04
-43.00,-44.98,16016.24
-42.65,-42.93,16021.23
-43.32,-41.58,16020.97
-42.35,-40.70,16019.92
-42.03,-40.47,16022.12
-39.73,-42.84,16017.42
-40.14,-42.50,16015.55
-39.74,-40.98,16020.17
-39.35,-41.13,16020.96
-43.38,-41.67,16016.11
-43.21,-38.99,16017.11
-45.45,-38.44,16012.85
-42.58,-37.52,16007.81
-41.65,-37.64,16003.62
-42.97,-32.76,16005.64
-41.22,-31.92,16006.96
-40.76,-29.32,16009.81
-40.72,-27.26,16012.12
-37.29,-30.70,16002.91
-36.02,-35.36,16012.97
-36.22,-33.99,16011.12
-39.61,-25.09,16012.96
-36.03,-27.64,16014.52
-35.03,-28.66,16017.79
-32.68,-26.82,16020.50
-36.64,-24.48,16017.08
-37.41,-28.86,16016.22
-41.34,-28.62,16017.61
-43.07,-28.78,16008.33
-44.52,-33.95,16008.31
-42.69,-33.85,16008.50
-42.96,-31.56,16016.47
-38.61,-28.18,16016.45
-41.08,-30.57,16018.83
-39.23,-26.84,16015.49
-39.86,-26.30,16020.11
-40.87,-29.38,16022.11
-36.03,-32.91,16021.60
-35.23,-31.27,16020.72
-37.47,-26.51,16018.69
-41.59,-29.98,16021.15
-38.51,-30.48,16019.29